[[0.63069, 2.80612, 1.39051, 0.08247],
[0.63367, 2.6908, 1.42543, 0.08093],
[0.64672, 2.57569, 1.43201, 0.08089],
[0.66972, 2.46184, 1.43201, 0.08111],
[0.70252, 2.35023, 1.43201, 0.08124],
[0.74488, 2.24178, 1.43201, 0.08131],
[0.79653, 2.13733, 1.43236, 0.08135],
[0.85714, 2.03762, 1.43797, 0.08115],
[0.92634, 1.94325, 1.45216, 0.08058],
[1.00366, 1.85469, 1.47829, 0.07953],
[1.08862, 1.77223, 1.51975, 0.0779],
[1.18065, 1.69601, 1.58004, 0.07563],
[1.27917, 1.62597, 1.66287, 0.07269],
[1.38351, 1.56189, 1.7726, 0.06908],
[1.49304, 1.50337, 1.91501, 0.06484],
[1.60709, 1.44988, 2.09957, 0.06],
[1.72504, 1.40077, 2.34494, 0.05449],
[1.8463, 1.3553, 2.69405, 0.04807],
[1.97026, 1.31267, 3.0, 0.04369],
[2.09618, 1.27199, 3.0, 0.04411],
[2.22315, 1.23232, 3.0, 0.04434],
[2.35577, 1.19068, 3.0, 0.04633],
[2.48814, 1.14836, 3.0, 0.04632],
[2.6201, 1.10491, 3.0, 0.04631],
[2.75156, 1.06007, 3.0, 0.0463],
[2.88246, 1.01371, 3.0, 0.04629],
[3.01284, 0.96594, 3.0, 0.04629],
[3.14278, 0.91698, 2.77135, 0.05011],
[3.2724, 0.86711, 2.46303, 0.05638],
[3.40179, 0.81664, 2.25365, 0.06163],
[3.52534, 0.76799, 2.09894, 0.06327],
[3.64883, 0.72099, 1.97999, 0.06673],
[3.77225, 0.67658, 1.88801, 0.06947],
[3.89566, 0.63577, 1.81882, 0.07146],
[4.01913, 0.59935, 1.77038, 0.07271],
[4.14273, 0.56803, 1.74145, 0.07322],
[4.26652, 0.5424, 1.73098, 0.07303],
[4.39051, 0.52303, 1.73098, 0.0725],
[4.51466, 0.51041, 1.73098, 0.07209],
[4.6389, 0.50498, 1.73098, 0.07184],
[4.76312, 0.50709, 1.73098, 0.07178],
[4.8872, 0.517, 1.73098, 0.07191],
[5.01096, 0.53487, 1.73779, 0.07196],
[5.13423, 0.56074, 1.76051, 0.07154],
[5.2568, 0.59459, 1.79758, 0.07074],
[5.37847, 0.63625, 1.84733, 0.06962],
[5.49902, 0.68552, 1.90803, 0.06825],
[5.61825, 0.74209, 1.978, 0.06672],
[5.73595, 0.80562, 2.05561, 0.06507],
[5.85194, 0.87573, 2.13932, 0.06335],
[5.96605, 0.95201, 2.22768, 0.06162],
[6.07813, 1.03404, 2.31933, 0.05988],
[6.18805, 1.1214, 2.41297, 0.05819],
[6.2957, 1.21366, 2.5073, 0.05655],
[6.40099, 1.31043, 2.60104, 0.05498],
[6.50386, 1.41132, 2.69282, 0.05351],
[6.60426, 1.51598, 2.78117, 0.05214],
[6.70214, 1.62407, 2.86453, 0.0509],
[6.79747, 1.73528, 2.94121, 0.0498],
[6.89022, 1.84935, 3.0, 0.04901],
[6.98037, 1.96604, 3.0, 0.04915],
[7.06789, 2.08511, 3.0, 0.04926],
[7.15274, 2.20639, 3.0, 0.04934],
[7.23487, 2.32968, 2.987, 0.0496],
[7.31419, 2.45484, 2.90476, 0.05101],
[7.39063, 2.58173, 2.81045, 0.05271],
[7.46407, 2.7102, 2.70642, 0.05468],
[7.53435, 2.84012, 2.59514, 0.05692],
[7.6013, 2.97136, 2.47907, 0.05943],
[7.66469, 3.10378, 2.36051, 0.06219],
[7.72428, 3.23722, 2.24159, 0.06519],
[7.77975, 3.37151, 2.12422, 0.0684],
[7.83077, 3.50645, 2.01014, 0.07177],
[7.87696, 3.6418, 1.90091, 0.07524],
[7.91791, 3.77731, 1.79797, 0.07873],
[7.95317, 3.91265, 1.7027, 0.08214],
[7.98227, 4.04748, 1.61638, 0.08534],
[8.00473, 4.18141, 1.54025, 0.08817],
[8.02008, 4.31398, 1.47543, 0.09046],
[8.02783, 4.44473, 1.42291, 0.09205],
[8.02756, 4.57311, 1.38346, 0.0928],
[8.01887, 4.69859, 1.35758, 0.09265],
[8.00143, 4.82057, 1.3454, 0.09159],
[7.97497, 4.93849, 1.3454, 0.08982],
[7.93933, 5.05174, 1.3454, 0.08825],
[7.89443, 5.15975, 1.3454, 0.08694],
[7.84031, 5.26197, 1.3454, 0.08597],
[7.77711, 5.35788, 1.3454, 0.08537],
[7.70509, 5.44702, 1.34661, 0.0851],
[7.6246, 5.52897, 1.36047, 0.08443],
[7.53611, 5.60338, 1.38574, 0.08343],
[7.44017, 5.66995, 1.42077, 0.08219],
[7.33739, 5.72846, 1.46351, 0.08081],
[7.22847, 5.77874, 1.51165, 0.07936],
[7.11414, 5.82067, 1.56268, 0.07793],
[6.99516, 5.8542, 1.6141, 0.07658],
[6.87233, 5.8793, 1.66359, 0.07536],
[6.74642, 5.89599, 1.70924, 0.07431],
[6.61821, 5.90433, 1.74974, 0.07343],
[6.48845, 5.90439, 1.78458, 0.07271],
[6.35786, 5.89627, 1.81411, 0.07212],
[6.22712, 5.88008, 1.8396, 0.07161],
[6.09684, 5.85599, 1.8631, 0.07111],
[5.96758, 5.82417, 1.88736, 0.07053],
[5.83982, 5.78483, 1.91564, 0.06978],
[5.71395, 5.73825, 1.95169, 0.06876],
[5.5903, 5.68472, 1.99973, 0.06738],
[5.46907, 5.62464, 2.06472, 0.06553],
[5.35038, 5.55844, 2.15287, 0.06313],
[5.23424, 5.48663, 2.27267, 0.06008],
[5.12056, 5.40981, 2.43627, 0.05632],
[5.00914, 5.32863, 2.65735, 0.05188],
[4.89973, 5.24377, 2.85954, 0.04842],
[4.79201, 5.15593, 2.57278, 0.05402],
[4.68576, 5.06561, 2.36017, 0.05909],
[4.58079, 4.97316, 2.18647, 0.06397],
[4.48082, 4.88243, 2.05854, 0.06558],
[4.3796, 4.7942, 1.96998, 0.06816],
[4.27684, 4.70907, 1.91633, 0.06963],
[4.17225, 4.6277, 1.89512, 0.06993],
[4.06554, 4.55072, 1.89512, 0.06943],
[3.95644, 4.47878, 1.89512, 0.06896],
[3.84475, 4.41244, 1.89512, 0.06855],
[3.73031, 4.35216, 1.89512, 0.06825],
[3.61306, 4.29823, 1.89512, 0.0681],
[3.493, 4.25083, 1.90553, 0.06774],
[3.37022, 4.20992, 1.94869, 0.06641],
[3.24488, 4.17531, 2.02843, 0.06411],
[3.11717, 4.14663, 2.15328, 0.06078],
[2.98738, 4.12334, 2.35447, 0.056],
[2.85585, 4.10467, 2.53881, 0.05233],
[2.72282, 4.09006, 2.44718, 0.05469],
[2.58852, 4.07896, 2.22553, 0.06055],
[2.45315, 4.07089, 2.0075, 0.06755],
[2.31676, 4.0658, 1.88164, 0.07254],
[2.18425, 4.05787, 1.74079, 0.07625],
[2.05357, 4.04652, 1.62282, 0.08083],
[1.92516, 4.03106, 1.53782, 0.0841],
[1.79951, 4.01084, 1.4423, 0.08824],
[1.67722, 3.98511, 1.37925, 0.0906],
[1.55874, 3.95349, 1.33673, 0.09174],
[1.44467, 3.91541, 1.31105, 0.09172],
[1.33565, 3.87043, 1.3, 0.09072],
[1.23223, 3.8183, 1.3, 0.08909],
[1.13519, 3.75862, 1.3, 0.08763],
[1.0452, 3.69128, 1.3, 0.08646],
[0.96286, 3.61637, 1.3, 0.08563],
[0.88871, 3.53415, 1.3, 0.08517],
[0.82324, 3.44505, 1.30126, 0.08497],
[0.76687, 3.34963, 1.31223, 0.08445],
[0.71994, 3.24861, 1.33005, 0.08375],
[0.68272, 3.14281, 1.35176, 0.08297],
[0.65542, 3.03313, 1.37444, 0.08224],
[0.63816, 2.92055, 1.39051, 0.08191]]